
0 14 1 2019 15 1 2019
301 4 1
Kowalski Marek 97091105672
0 14 1 2019 17 1 2019
301 4 1
Kowalski Marek 97091105672
0 23 1 2019 13 2 2019
200 4 1
Kowalski Marek 97091105672
0 13 1 2019 19 1 2019
200 4 1
Kowalski Marek 97091105672
0 1 2 2019 2 2 2019
301 4 1
Adamiec Jakub 97091105672
0 1 1 2019 6 1 2019
100 4 0
Zauski Jakub 97091105672
3 19 1 2019 19 1 2019
103 5 0
Adamiec Jakub 97091105672
13 2 1 119 13 1 119
100 4 0
Adamiec Jakub 97091105672
22 18 1 119 21 1 119
101 3 1
Zauski Jakub 97091105672
45 13 1 119 17 1 119
201 3 1
Karaluch Lukasz 97091105672